Registo;Numero Final;Nome Nivel;Real World Assistance;Tempo Absoluto (Segundos);Tempo Entre Logs (Segundos);Tempo;FPS;Delta Body;Estado;Player Position;Previous Player Position;Camera Position;Main Joint Position;Previous Main Joint Position;Objectivo Position;Deslc. Player Total;Deslc. Player Directo;Deslc. Player WIP;Deslc. Player Estacionario;Deslc. Joint Total;Deslc. Joint Directo;Deslc. Joint WIP;Deslc. Joint Estacionario;Dist Objectivo Total;Dist Objectivo Directo;Dist Objectivo WIP;Dist Objectivo Estacionario;Vel. Real (Directa);Vel. Virtual (WIP);Vel. Virtual in Use (WIP);Threshold de Velocidade Directa;Is Force To Stop;Count Times Force To Stop ;Left Hand State ;Right Hand State ;Num Colicoes (Objectos do Mundo Virtual);Id;Iniciado;Extra
0;5;02_Sc_CWIP_Passthrough;Passthrough;0,000765;0,062813;20170324T133856;60,00002;0;WIP;(-0.013,1.650,0.012);(-0.013,1.650,0.012);(-0.027,1.075,0.023);(1.968,0.764,-0.837);(1.968,0.764,-0.837);(20.253,0.500,-20.000);0;0;0;0;0;0;0;0;28,48141;0;28,48141;0;0,006226724;0,2298515;0;0,8;False;0;Unknown;Unknown;0;1;True;Reset Human
1;5;02_Sc_CWIP_Passthrough;Passthrough;0,03342;0,032655;20170324T133856;60,00002;0,05991;WIP;(-0.002,1.650,0.020);(-0.013,1.650,0.012);(-0.016,1.075,0.031);(1.967,0.763,-0.837);(1.968,0.764,-0.837);(20.253,0.500,-20.000);0,01377094;0;0,01377094;0;0,001000047;0;0,001000047;0;28,47927;0;28,47927;0;0,0122751;0,3149536;0,01886887;0,8;False;0;Unknown;Unknown;0;1;True;NULL
2;5;02_Sc_CWIP_Passthrough;Passthrough;0,100389;0,066969;20170324T133856;60,00002;0,055956;WIP;(0.019,1.650,0.035);(-0.002,1.650,0.020);(0.006,1.075,0.048);(1.967,0.762,-0.836);(1.967,0.763,-0.837);(20.253,0.500,-20.000);0,02565607;0;0,02565607;0;0,0009999871;0;0,0009999871;0;28,47516;0;28,47516;0;0,01289152;0,3149536;0,01762354;0,8;False;0;Unknown;Unknown;0;1;True;NULL
3;5;02_Sc_CWIP_Passthrough;Passthrough;0,151996;0,051607;20170324T133856;60,00002;0,061148;WIP;(0.043,1.650,0.052);(0.019,1.650,0.035);(0.030,1.073,0.065);(1.966,0.759,-0.833);(1.967,0.762,-0.836);(20.253,0.500,-20.000);0,02941216;0;0,02941216;0;0,003162312;0;0,003162312;0;28,46964;0;28,46964;0;0,03889484;0,3149536;0,01925878;0,8;False;0;Unknown;Unknown;0;1;True;NULL
4;5;02_Sc_CWIP_Passthrough;Passthrough;0,214252;0,062256;20170324T133856;60,00002;0,053007;WIP;(0.063,1.650,0.064);(0.043,1.650,0.052);(0.051,1.070,0.079);(1.965,0.755,-0.831);(1.966,0.759,-0.833);(20.253,0.500,-20.000);0,02324961;0;0,02324961;0;0,002236066;0;0,002236066;0;28,46386;0;28,46386;0;0,03748459;0,3149536;0,01669475;0,8;False;0;Unknown;Unknown;0;1;True;NULL
6;5;02_Sc_CWIP_Passthrough;Passthrough;0,402054;0,104144;20170324T133856;60,00002;0,109517;WIP;(0.127,1.650,0.006);(0.106,1.650,0.086);(0.117,1.062,0.034);(1.963,0.750,-0.826);(1.964,0.752,-0.828);(20.253,0.500,-20.000);0,08279295;0;0,08279295;0;0,002236066;0;0,002236066;0;28,37766;0;28,37766;0;0,04752038;0,3149536;0,03449277;0,8;False;0;Unknown;Unknown;0;1;True;NULL
7;5;02_Sc_CWIP_Passthrough;Passthrough;0,435666;0,033612;20170324T133856;60,00002;0,019499;WIP;(0.128,1.650,0.000);(0.127,1.650,0.006);(0.120,1.060,0.033);(1.962,0.748,-0.825);(1.963,0.750,-0.826);(20.253,0.500,-20.000);0,006141539;0;0,006141539;0;0,001414238;0;0,001414238;0;28,3724;0;28,3724;0;0,03435219;0,3149536;0,00614128;0,8;False;0;Unknown;Unknown;0;1;True;NULL
8;5;02_Sc_CWIP_Passthrough;Passthrough;0,465854;0,030188;20170324T133856;60,00002;0,031959;WIP;(0.131,1.650,-0.010);(0.128,1.650,0.000);(0.125,1.060,0.025);(1.961,0.747,-0.824);(1.962,0.748,-0.825);(20.253,0.500,-20.000);0,01006536;0;0,01006536;0;0,001414238;0;0,001414238;0;28,36379;0;28,36379;0;0,02855548;0,3149536;0,0100656;0,8;False;0;Unknown;Unknown;0;1;True;NULL
10;5;02_Sc_CWIP_Passthrough;Passthrough;0,717261;0,083771;20170324T133856;60,00002;0,081419;WIP;(0.194,1.650,-0.229);(0.175,1.650,-0.183);(0.196,1.000,-0.166);(1.939,0.665,-0.851);(1.946,0.689,-0.843);(20.253,0.500,-20.000);0,04976916;0;0,04976916;0;0,01063014;0;0,01063014;0;28,16494;0;28,16494;0;0,1847734;0,3149536;0,02564321;0,8;False;0;Unknown;Unknown;0;1;True;NULL
11;5;02_Sc_CWIP_Passthrough;Passthrough;0,773428;0,056167;20170324T133856;60,00002;0,047109;WIP;(0.204,1.650,-0.250);(0.194,1.650,-0.229);(0.209,0.977,-0.176);(1.939,0.665,-0.851);(1.939,0.665,-0.851);(20.253,0.500,-20.000);0,02343859;0;0,02343859;0;0;0;0;0;28,14278;0;28,14278;0;0,09842361;0,3149536;0,01483715;0,8;False;0;Unknown;Unknown;0;1;True;NULL
12;5;02_Sc_CWIP_Passthrough;Passthrough;0,854475;0,081047;20170324T133857;60,00002;0,0806;WIP;(0.229,1.650,-0.300);(0.204,1.650,-0.250);(0.234,0.977,-0.226);(1.939,0.675,-0.849);(1.939,0.665,-0.851);(20.253,0.500,-20.000);0,05516836;0;0,05516836;0;0,002000034;0;0,002000034;0;28,09064;0;28,09064;0;0,06491286;0,1865768;0,01503809;0,8;False;0;Unknown;Unknown;0;1;True;NULL
13;5;02_Sc_CWIP_Passthrough;Passthrough;0,938716;0,084241;20170324T133857;60,00002;0,081818;WIP;(0.242,1.650,-0.330);(0.229,1.650,-0.300);(0.245,0.986,-0.266);(1.943,0.692,-0.845);(1.939,0.675,-0.849);(20.253,0.500,-20.000);0,03288665;0;0,03288665;0;0,005656782;0;0,005656782;0;28,05999;0;28,05999;0;0,06911168;0,1710983;0,01399892;0,8;False;0;Unknown;Unknown;0;1;True;NULL
14;5;02_Sc_CWIP_Passthrough;Passthrough;1,022391;0,083675;20170324T133857;60,00002;0,08226;WIP;(0.253,1.650,-0.358);(0.242,1.650,-0.330);(0.253,1.006,-0.307);(1.947,0.710,-0.842);(1.943,0.692,-0.845);(20.253,0.500,-20.000);0,03043197;0;0,03043197;0;0,005000066;0;0,005000066;0;28,03218;0;28,03218;0;0,06774027;0,1710983;0,01407455;0,8;False;0;Unknown;Unknown;0;1;True;NULL
15;5;02_Sc_CWIP_Passthrough;Passthrough;1,122483;0,100092;20170324T133857;60,00002;0,111838;WIP;(0.271,1.650,-0.405);(0.253,1.650,-0.358);(0.270,1.025,-0.366);(1.950,0.722,-0.839);(1.947,0.710,-0.842);(20.253,0.500,-20.000);0,0503254;0;0,0503254;0;0,00424267;0;0,00424267;0;27,98673;0;27,98673;0;0,08239286;0,1710983;0,01913529;0,8;False;0;Unknown;Unknown;0;1;True;NULL
16;5;02_Sc_CWIP_Passthrough;Passthrough;1,223177;0,100694;20170324T133857;60,00002;0,085166;WIP;(0.293,1.650,-0.390);(0.271,1.650,-0.405);(0.291,1.037,-0.360);(1.954,0.738,-0.837);(1.950,0.722,-0.839);(20.253,0.500,-20.000);0,02671563;0;0,02671563;0;0,004472078;0;0,004472078;0;27,98141;0;27,98141;0;0,07165271;0,1710983;0,01457176;0,8;False;0;Unknown;Unknown;0;1;True;NULL
17;5;02_Sc_CWIP_Passthrough;Passthrough;1,253026;0,029849;20170324T133857;60,00002;0,032905;WIP;(0.297,1.650,-0.387);(0.293,1.650,-0.390);(0.294,1.054,-0.366);(1.959,0.752,-0.835);(1.954,0.738,-0.837);(20.253,0.500,-20.000);0,005632465;0;0,005632465;0;0,005385173;0;0,005385173;0;27,98017;0;27,98017;0;0,07785211;0,1710983;0,00562999;0,8;False;0;Unknown;Unknown;0;1;True;NULL
18;5;02_Sc_CWIP_Passthrough;Passthrough;1,3065;0,053474;20170324T133857;60,00002;0,060232;WIP;(0.317,1.650,-0.375);(0.297,1.650,-0.387);(0.312,1.068,-0.362);(1.961,0.760,-0.834);(1.959,0.752,-0.835);(20.253,0.500,-20.000);0,02321546;0;0,02321546;0;0,002236039;0;0,002236039;0;27,97503;0;27,97503;0;0,07011893;0,1710983;0,01030559;0,8;False;0;Unknown;Unknown;0;1;True;NULL
21;5;02_Sc_CWIP_Passthrough;Passthrough;1,543398;0,102599;20170324T133857;60,00002;0,09918;Estacionario;(0.369,1.650,-0.339);(0.368,1.650,-0.342);(0.365,1.085,-0.330);(1.965,0.775,-0.827);(1.965,0.774,-0.829);(20.253,0.500,-20.000);0,003163332;0;0;0,003163332;0,001999974;0;0;0,001999974;27,963;0;0;27,963;0,05928535;0,1710983;0,01696953;0,8;False;0;Unknown;Unknown;0;1;True;NULL
22;5;02_Sc_CWIP_Passthrough;Passthrough;1,574668;0,03127;20170324T133857;60,00002;0,09918;Estacionario;(0.369,1.650,-0.337);(0.369,1.650,-0.339);(0.365,1.085,-0.328);(1.965,0.775,-0.827);(1.965,0.775,-0.827);(20.253,0.500,-20.000);0,001999978;0;0;0,001999978;0;0;0;0;27,96441;0;0;27,96441;0,03157964;0,1710983;0,01696953;0,8;False;0;Unknown;Unknown;0;1;True;NULL
23;5;02_Sc_CWIP_Passthrough;Passthrough;1,621538;0,04687;20170324T133857;60,00002;0,09918;Estacionario;(0.369,1.650,-0.337);(0.369,1.650,-0.337);(0.365,1.085,-0.328);(1.960,0.748,-0.833);(1.965,0.775,-0.827);(20.253,0.500,-20.000);3,814697E-06;0;0;3,814697E-06;0,007810233;0;0;0,007810233;27,96441;0;0;27,96441;0,1527402;0,1710983;0,01696953;0,8;False;0;Unknown;Unknown;0;1;True;NULL
24;5;02_Sc_CWIP_Passthrough;Passthrough;1,671657;0,050119;20170324T133857;60,00002;0,09918;Estacionario;(0.364,1.650,-0.343);(0.369,1.650,-0.337);(0.360,1.056,-0.324);(1.961,0.749,-0.833);(1.960,0.748,-0.833);(20.253,0.500,-20.000);0,00781092;0;0;0,00781092;0,0009999275;0;0;0,0009999275;27,96374;0;0;27,96374;0,09480634;0,1710983;0,01696953;0,8;False;0;Unknown;Unknown;0;1;True;NULL
25;5;02_Sc_CWIP_Passthrough;Passthrough;1,75562;0,083963;20170324T133857;60,00002;0,09918;Estacionario;(0.365,1.650,-0.343);(0.364,1.650,-0.343);(0.360,1.058,-0.325);(1.962,0.750,-0.833);(1.961,0.749,-0.833);(20.253,0.500,-20.000);0,0009994507;0;0;0,0009994507;0,001000047;0;0;0,001000047;27,96303;0;0;27,96303;0,05895178;0,1710983;0,01696953;0,8;False;0;Unknown;Unknown;0;1;True;NULL
26;5;02_Sc_CWIP_Passthrough;Passthrough;1,80948;0,05386;20170324T133857;60,00002;0,09918;Estacionario;(0.366,1.650,-0.343);(0.365,1.650,-0.343);(0.361,1.059,-0.326);(1.963,0.752,-0.833);(1.962,0.750,-0.833);(20.253,0.500,-20.000);0,0009994507;0;0;0,0009994507;0,001000047;0;0;0,001000047;27,96232;0;0;27,96232;0,04199455;0,1710983;0,01696953;0,8;False;0;Unknown;Unknown;0;1;True;NULL
27;5;02_Sc_CWIP_Passthrough;Passthrough;1,894451;0,084971;20170324T133858;60,00002;0,09918;Estacionario;(0.367,1.650,-0.343);(0.366,1.650,-0.343);(0.362,1.062,-0.324);(1.958,0.728,-0.842);(1.963,0.752,-0.833);(20.253,0.500,-20.000);0,001003265;0;0;0,001003265;0,01029569;0;0;0,01029569;27,96161;0;0;27,96161;0,08519489;0,1710983;0,01696953;0,8;False;0;Unknown;Unknown;0;1;True;NULL
28;5;02_Sc_CWIP_Passthrough;Passthrough;1,962619;0,068168;20170324T133858;60,00002;0,09918;Estacionario;(0.362,1.650,-0.352);(0.367,1.650,-0.343);(0.358,1.038,-0.320);(1.949,0.694,-0.853);(1.958,0.728,-0.842);(20.253,0.500,-20.000);0,01029615;0;0;0,01029615;0,01421262;0;0;0,01421262;27,95884;0;0;27,95884;0,1338271;0,1710983;0,01696953;0,8;False;0;Unknown;Unknown;0;1;True;NULL
29;5;02_Sc_CWIP_Passthrough;Passthrough;2,027125;0,064506;20170324T133858;60,00002;0,09918;Estacionario;(0.353,1.650,-0.363);(0.362,1.650,-0.352);(0.352,1.004,-0.315);(1.952,0.706,-0.852);(1.949,0.694,-0.853);(20.253,0.500,-20.000);0,01421194;0;0;0,01421194;0,003162293;0;0;0,003162293;27,95751;0;0;27,95751;0,1065786;0,1710983;0,01696953;0,8;False;0;Closed;Unknown;0;1;True;Closed
30;5;02_Sc_CWIP_Passthrough;Passthrough;2,144234;0,117109;20170324T133858;60,00002;0,09918;Estacionario;(0.356,1.650,-0.362);(0.353,1.650,-0.363);(0.353,1.017,-0.317);(1.943,0.674,-0.863);(1.952,0.706,-0.852);(20.253,0.500,-20.000);0,00316071;0;0;0,00316071;0,01421269;0;0;0,01421269;27,95608;0;0;27,95608;0,2112811;0,1710983;0,01696953;0,8;False;0;Unknown;Unknown;0;1;True;NULL
31;5;02_Sc_CWIP_Passthrough;Passthrough;2,34197;0,197736;20170324T133858;60,00002;0,09918;Estacionario;(0.347,1.650,-0.373);(0.356,1.650,-0.362);(0.347,0.985,-0.313);(1.947,0.692,-0.863);(1.943,0.674,-0.863);(20.253,0.500,-20.000);0,01421435;0;0;0,01421435;0,004000068;0;0;0,004000068;27,95477;0;0;27,95477;0,1485014;0;0;0,8;False;0;Unknown;Unknown;0;1;True;NULL
32;5;02_Sc_CWIP_Passthrough;Passthrough;2,443338;0,101368;20170324T133858;60,00002;0,09918;Estacionario;(0.351,1.650,-0.373);(0.347,1.650,-0.373);(0.351,1.005,-0.317);(1.947,0.692,-0.863);(1.947,0.692,-0.863);(20.253,0.500,-20.000);0,004001617;0;0;0,004001617;0;0;0;0;27,95192;0;0;27,95192;0,07910255;0;0;0,8;False;0;Unknown;Unknown;0;1;True;NULL
33;5;02_Sc_CWIP_Passthrough;Passthrough;2,543038;0,0997;20170324T133858;60,00002;0,09918;Estacionario;(0.351,1.650,-0.373);(0.351,1.650,-0.373);(0.351,1.005,-0.317);(1.957,0.732,-0.852);(1.947,0.692,-0.863);(20.253,0.500,-20.000);0;0;0;0;0,01486605;0;0;0,01486605;27,95192;0;0;27,95192;0,1842391;0;0;0,8;False;0;Unknown;Unknown;0;1;True;NULL
34;5;02_Sc_CWIP_Passthrough;Passthrough;2,563081;0,020043;20170324T133858;60,00002;0,09918;Estacionario;(0.361,1.650,-0.362);(0.351,1.650,-0.373);(0.360,1.047,-0.326);(1.960,0.744,-0.849);(1.957,0.732,-0.852);(20.253,0.500,-20.000);0,01486749;0;0;0,01486749;0,00424267;0;0;0,00424267;27,95252;0;0;27,95252;0,1468285;0;0;0,8;False;0;Unknown;Unknown;0;1;True;NULL
35;5;02_Sc_CWIP_Passthrough;Passthrough;2,649106;0,086025;20170324T133858;60,00002;0,09918;WIP;(0.364,1.650,-0.359);(0.361,1.650,-0.362);(0.363,1.059,-0.329);(1.966,0.758,-0.844);(1.960,0.744,-0.849);(20.253,0.500,-20.000);0,004241491;0;0,004241491;0;0,007810187;0;0,007810187;0;27,9525;0;27,9525;0;0,1590741;0,25;0,024795;0,8;False;0;Unknown;Unknown;0;1;True;NULL
36;5;02_Sc_CWIP_Passthrough;Passthrough;2,68204;0,032934;20170324T133858;60,00002;0,020625;WIP;(0.368,1.650,-0.356);(0.364,1.650,-0.359);(0.363,1.074,-0.333);(1.970,0.768,-0.838);(1.966,0.758,-0.844);(20.253,0.500,-20.000);0,005157678;0;0,005157678;0;0,007211125;0;0,007211125;0;27,9517;0;27,9517;0;0,1340932;0,25;0,00515625;0,8;False;0;Unknown;Unknown;0;1;True;NULL
END;END;END;END;END;END;END;END;END;END;END;END;END;END;END;END;END;END;END;END;END;END;END;END;END;END;END;END;END;END;END;END;END;END;END;END;END;END;END;END
