Registo;Numero Final;Nome Nivel;Real World Assistance;Tempo Absoluto (Segundos);Tempo Entre Logs (Segundos);Tempo;FPS;Delta Body;Estado;Player Position;Previous Player Position;Camera Position;Main Joint Position;Previous Main Joint Position;Objectivo Position;Deslc. Player Total;Deslc. Player Directo;Deslc. Player WIP;Deslc. Player Estacionario;Deslc. Joint Total;Deslc. Joint Directo;Deslc. Joint WIP;Deslc. Joint Estacionario;Dist Objectivo Total;Dist Objectivo Directo;Dist Objectivo WIP;Dist Objectivo Estacionario;Vel. Real (Directa);Vel. Virtual (WIP);Vel. Virtual in Use (WIP);Threshold de Velocidade Directa;Is Force To Stop;Count Times Force To Stop ;Left Hand State ;Right Hand State ;Num Colicoes (Objectos do Mundo Virtual);Id;Iniciado;Extra
0;0;02_Sc_CWIP_Passthrough;Passthrough;0,003991;0,068714;20170324T134011;174,4693;0;WIP;(0.003,1.650,0.015);(0.000,1.650,0.000);(0.011,1.018,-0.001);(1.946,0.692,-0.830);(1.946,0.692,-0.830);(20.253,0.500,-20.000);0,01529672;0;0,01529672;0;0;0;0;0;28,47214;0;28,47214;0;0,01866444;0,19673;0;0,8;False;0;Unknown;Unknown;0;1;True;Reset Human
1;0;02_Sc_CWIP_Passthrough;Passthrough;0,104564;0,100573;20170324T134011;115,0079;0,13398;WIP;(0.021,1.650,-0.041);(0.003,1.650,0.015);(0.027,1.015,-0.053);(1.941,0.662,-0.849);(1.946,0.692,-0.830);(20.253,0.500,-20.000);0,05863304;0;0,05863304;0;0,01964688;0;0,01964688;0;28,41988;0;28,41988;0;0,1576164;0,19673;0,02635788;0,8;False;0;Unknown;Unknown;0;1;True;NULL
3;0;02_Sc_CWIP_Passthrough;Passthrough;0,208328;0,020321;20170324T134011;87,43941;0,027211;WIP;(0.037,1.650,-0.074);(0.035,1.650,-0.069);(0.034,0.982,-0.070);(1.943,0.674,-0.843);(1.943,0.668,-0.847);(20.253,0.500,-20.000);0,005353276;0;0,005353276;0;0,004000008;0;0,004000008;0;28,38571;0;28,38571;0;0,1019641;0,19673;0,005353219;0,8;False;0;Unknown;Unknown;0;1;True;NULL
4;0;02_Sc_CWIP_Passthrough;Passthrough;0,292082;0,083754;20170324T134011;75,55639;0,080493;WIP;(0.053,1.650,-0.112);(0.037,1.650,-0.074);(0.053,0.989,-0.112);(1.946,0.696,-0.828);(1.943,0.674,-0.843);(20.253,0.500,-20.000);0,04191247;0;0,04191247;0;0,01529705;0;0,01529705;0;28,34693;0;28,34693;0;0,216226;0,19673;0,01583539;0,8;False;0;Unknown;Unknown;0;1;True;NULL
5;0;02_Sc_CWIP_Passthrough;Passthrough;0,389559;0,097477;20170324T134011;70,59609;0,086778;WIP;(0.064,1.650,-0.142);(0.053,1.650,-0.112);(0.072,1.018,-0.158);(1.946,0.692,-0.830);(1.946,0.696,-0.828);(20.253,0.500,-20.000);0,03149772;0;0,03149772;0;0,001999974;0;0,001999974;0;28,3188;0;28,3188;0;0,1296911;0,19673;0,01707183;0,8;False;0;Unknown;Unknown;0;1;True;NULL
6;0;02_Sc_CWIP_Passthrough;Passthrough;0,427173;0,037614;20170324T134011;69,37099;0,028515;WIP;(0.065,1.650,-0.147);(0.064,1.650,-0.142);(0.071,1.015,-0.159);(1.954,0.715,-0.826);(1.946,0.692,-0.830);(20.253,0.500,-20.000);0,005609721;0;0,005609721;0;0,00894429;0;0,00894429;0;28,31381;0;28,31381;0;0,1211176;0,19673;0,005609755;0,8;False;0;Unknown;Unknown;0;1;True;NULL
7;0;02_Sc_CWIP_Passthrough;Passthrough;0,527777;0,100604;20170324T134011;66,55405;0,102681;WIP;(0.071,1.650,-0.187);(0.065,1.650,-0.147);(0.082,1.042,-0.229);(1.955,0.717,-0.828);(1.954,0.715,-0.826);(20.253,0.500,-20.000);0,04015316;0;0,04015316;0;0,002236119;0;0,002236119;0;28,28174;0;28,28174;0;0,08158838;0,19673;0,02020043;0,8;False;0;Unknown;Unknown;0;1;True;NULL
8;0;02_Sc_CWIP_Passthrough;Passthrough;0,612423;0,084646;20170324T134012;64,64053;0,074891;WIP;(0.074,1.650,-0.218);(0.071,1.650,-0.187);(0.086,1.044,-0.254);(1.957,0.719,-0.833);(1.955,0.717,-0.828);(20.253,0.500,-20.000);0,03078768;0;0,03078768;0;0,005385151;0;0,005385151;0;28,25807;0;28,25807;0;0,07564829;0,19673;0,0147333;0,8;False;0;Unknown;Unknown;0;1;True;NULL
9;0;02_Sc_CWIP_Passthrough;Passthrough;0,724736;0,112313;20170324T134012;62,96576;0,117756;WIP;(0.077,1.650,-0.276);(0.074,1.650,-0.218);(0.088,1.044,-0.287);(1.957,0.717,-0.837);(1.957,0.719,-0.833);(20.253,0.500,-20.000);0,05801725;0;0,05801725;0;0,004000008;0;0,004000008;0;28,21594;0;28,21594;0;0,07489038;0,19673;0,02316613;0,8;False;0;Unknown;Unknown;0;1;True;NULL
10;0;02_Sc_CWIP_Passthrough;Passthrough;0,86526;0,140524;20170324T134012;62,13346;0,13889;WIP;(0.078,1.650,-0.317);(0.077,1.650,-0.276);(0.086,1.042,-0.314);(1.957,0.717,-0.837);(1.957,0.717,-0.837);(20.253,0.500,-20.000);0,04170619;0;0,04170619;0;0;0;0;0;28,18576;0;28,18576;0;0,039892;0,19673;0,02732383;0,8;False;0;Unknown;Unknown;0;1;True;NULL
11;0;02_Sc_CWIP_Passthrough;Passthrough;0,912024;0,046764;20170324T134012;61,7165;0,048821;WIP;(0.079,1.650,-0.332);(0.078,1.650,-0.317);(0.087,1.042,-0.329);(1.954,0.713,-0.832);(1.957,0.717,-0.837);(20.253,0.500,-20.000);0,01429003;0;0,01429003;0;0,005830958;0;0,005830958;0;28,17543;0;28,17543;0;0,08353338;0,19673;0,009604554;0,8;False;0;Unknown;Unknown;0;1;True;NULL
12;0;02_Sc_CWIP_Passthrough;Passthrough;1,029747;0,117723;20170324T134012;61,11523;0,102322;WIP;(0.086,1.650,-0.381);(0.079,1.650,-0.332);(0.091,1.037,-0.367);(1.953,0.712,-0.830);(1.954,0.713,-0.832);(20.253,0.500,-20.000);0,05038229;0;0,05038229;0;0,002236119;0;0,002236119;0;28,13504;0;28,13504;0;0,05826669;0,19673;0,0201298;0,8;False;0;Unknown;Unknown;0;1;True;NULL
13;0;02_Sc_CWIP_Passthrough;Passthrough;1,092705;0,062958;20170324T134012;60,80892;0,081794;WIP;(0.093,1.650,-0.416);(0.086,1.650,-0.381);(0.098,1.036,-0.398);(1.951,0.711,-0.828);(1.953,0.712,-0.830);(20.253,0.500,-20.000);0,03532426;0;0,03532426;0;0,002828391;0;0,002828391;0;28,10613;0;28,10613;0;0,08012849;0,25;0,0204485;0,8;False;0;Unknown;Unknown;0;1;True;NULL
14;0;02_Sc_CWIP_Passthrough;Passthrough;1,11314;0,020435;20170324T134012;60,72705;0,012538;WIP;(0.094,1.650,-0.419);(0.093,1.650,-0.416);(0.100,1.036,-0.399);(1.951,0.712,-0.827);(1.951,0.711,-0.828);(20.253,0.500,-20.000);0,003134592;0;0,003134592;0;0,0009999871;0;0,0009999871;0;28,10353;0;28,10353;0;0,05401963;0,25;0,0031345;0,8;False;0;Unknown;Unknown;0;1;True;NULL
15;0;02_Sc_CWIP_Passthrough;Passthrough;1,214154;0,101014;20170324T134012;60,42719;0,097715;WIP;(0.108,1.650,-0.483);(0.094,1.650,-0.419);(0.114,1.038,-0.470);(1.951,0.712,-0.826);(1.951,0.712,-0.827);(20.253,0.500,-20.000);0,06563008;0;0,06563008;0;0,001000047;0;0,001000047;0;28,04845;0;28,04845;0;0,03950919;0,2407024;0,02352023;0,8;False;0;Unknown;Unknown;0;1;True;NULL
16;0;02_Sc_CWIP_Passthrough;Passthrough;1,310657;0,096503;20170324T134012;60,31082;0,087484;WIP;(0.118,1.650,-0.520);(0.108,1.650,-0.483);(0.124,1.041,-0.516);(1.951,0.713,-0.826);(1.951,0.712,-0.826);(20.253,0.500,-20.000);0,03818592;0;0,03818592;0;0;0;0;0;28,01604;0;28,01604;0;0,02104544;0,2407024;0,02105761;0,8;False;0;Unknown;Unknown;0;1;True;NULL
17;0;02_Sc_CWIP_Passthrough;Passthrough;1,331832;0,021175;20170324T134012;60,27959;0,026362;WIP;(0.119,1.650,-0.526);(0.118,1.650,-0.520);(0.125,1.045,-0.530);(1.952,0.713,-0.824);(1.951,0.713,-0.826);(20.253,0.500,-20.000);0,006344547;0;0,006344547;0;0,002236066;0;0,002236066;0;28,0106;0;28,0106;0;0,03631075;0,2407024;0,006345397;0,8;False;0;Unknown;Unknown;0;1;True;NULL
18;0;02_Sc_CWIP_Passthrough;Passthrough;1,414825;0,082993;20170324T134012;60,18315;0,080169;WIP;(0.133,1.650,-0.575);(0.119,1.650,-0.526);(0.136,1.045,-0.591);(1.952,0.713,-0.822);(1.952,0.713,-0.824);(20.253,0.500,-20.000);0,05116026;0;0,05116026;0;0,001999974;0;0,001999974;0;27,96623;0;27,96623;0;0,04094458;0,2407024;0,01929687;0,8;False;0;Unknown;Unknown;0;1;True;NULL
19;0;02_Sc_CWIP_Passthrough;Passthrough;1,534341;0,119516;20170324T134012;60,12003;0,106753;WIP;(0.152,1.650,-0.635);(0.133,1.650,-0.575);(0.153,1.045,-0.658);(1.952,0.712,-0.819);(1.952,0.713,-0.822);(20.253,0.500,-20.000);0,06279165;0;0,06279165;0;0,003000021;0;0,003000021;0;27,91138;0;27,91138;0;0,04375637;0,2407024;0,0256957;0,8;False;0;Unknown;Unknown;0;1;True;NULL
20;0;02_Sc_CWIP_Passthrough;Passthrough;1,646571;0,11223;20170324T134013;60,0787;0,110354;WIP;(0.172,1.650,-0.697);(0.152,1.650,-0.635);(0.169,1.044,-0.734);(1.952,0.712,-0.819);(1.952,0.712,-0.819);(20.253,0.500,-20.000);0,06509922;0;0,06509922;0;0;0;0;0;27,854;0;27,854;0;0,02330779;0,2407024;0,02656247;0,8;False;0;Unknown;Unknown;0;1;True;NULL
21;0;02_Sc_CWIP_Passthrough;Passthrough;1,731067;0,084496;20170324T134013;60,05735;0,081082;WIP;(0.183,1.650,-0.733);(0.172,1.650,-0.697);(0.180,1.044,-0.770);(1.953,0.713,-0.819);(1.952,0.712,-0.819);(20.253,0.500,-20.000);0,03768276;0;0,03768276;0;0,0009999275;0;0,0009999275;0;27,82081;0;27,82081;0;0,0212108;0,2583591;0,02094828;0,8;False;0;Open;Unknown;0;1;True;NULL
