Registo;Numero Final;Nome Nivel;Real World Assistance;Tempo Absoluto (Segundos);Tempo Entre Logs (Segundos);Tempo;FPS;Delta Body;Estado;Player Position;Previous Player Position;Camera Position;Main Joint Position;Previous Main Joint Position;Objectivo Position;Deslc. Player Total;Deslc. Player Directo;Deslc. Player WIP;Deslc. Player Estacionario;Deslc. Joint Total;Deslc. Joint Directo;Deslc. Joint WIP;Deslc. Joint Estacionario;Dist Objectivo Total;Dist Objectivo Directo;Dist Objectivo WIP;Dist Objectivo Estacionario;Vel. Real (Directa);Vel. Virtual (WIP);Vel. Virtual in Use (WIP);Threshold de Velocidade Directa;Is Force To Stop;Count Times Force To Stop ;Left Hand State ;Right Hand State ;Num Colicoes (Objectos do Mundo Virtual);Id;Iniciado;Extra
0;0;02_Sc_CWIP_Passthrough;Passthrough;0,000876;0,104647;20170324T134013;60,03761;0,044215;WIP;(0.188,1.650,-0.751);(0.183,1.650,-0.733);(0.182,1.044,-0.805);(1.953,0.713,-0.825);(1.953,0.713,-0.825);(20.253,0.500,-20.000);0,01793904;0;0,01793904;0;0;0;0;0;27,80524;0;27,80524;0;0,0112984;0,2583591;0,01142335;0,8;False;0;Unknown;Unknown;0;1;True;Reset Human
1;0;02_Sc_CWIP_Passthrough;Passthrough;0,199484;0,198608;20170324T134013;60,01617;0,198637;WIP;(0.240,1.650,-0.982);(0.188,1.650,-0.751);(0.235,1.044,-1.047);(1.953,0.713,-0.825);(1.953,0.713,-0.825);(20.253,0.500,-20.000);0,2372532;0;0,2372532;0;0;0;0;0;27,60803;0;27,60803;0;0,00601834;0,2003451;0,03979594;0,8;False;0;Unknown;Unknown;0;1;True;NULL
2;0;02_Sc_CWIP_Passthrough;Passthrough;0,316607;0,117123;20170324T134013;60,00955;0,098189;WIP;(0.253,1.650,-1.041);(0.240,1.650,-0.982);(0.248,1.044,-1.106);(1.953,0.713,-0.827);(1.953,0.713,-0.825);(20.253,0.500,-20.000);0,0602404;0;0,0602404;0;0,002000034;0;0,002000034;0;27,55806;0;27,55806;0;0,01602853;0,2003451;0,01967168;0,8;False;0;Unknown;Unknown;0;1;True;NULL
3;0;02_Sc_CWIP_Passthrough;Passthrough;0,400491;0,083884;20170324T134013;60,00627;0,080939;WIP;(0.262,1.650,-1.084);(0.253,1.650,-1.041);(0.259,1.041,-1.159);(1.953,0.713,-0.827);(1.953,0.713,-0.827);(20.253,0.500,-20.000);0,04370202;0;0,04370202;0;0;0;0;0;27,52225;0;27,52225;0;0,008537951;0,2003451;0,01621573;0,8;False;0;Unknown;Unknown;0;1;True;NULL
4;0;02_Sc_CWIP_Passthrough;Passthrough;0,51434;0,113849;20170324T134013;60,0037;0,103779;WIP;(0.275,1.650,-1.149);(0.262,1.650,-1.084);(0.272,1.041,-1.224);(1.954,0.716,-0.831);(1.953,0.713,-0.827);(20.253,0.500,-20.000);0,06640006;0;0,06640006;0;0,004123067;0;0,004123067;0;27,46789;0;27,46789;0;0,03506761;0,2003451;0,02079161;0,8;False;0;Unknown;Unknown;0;1;True;NULL
5;0;02_Sc_CWIP_Passthrough;Passthrough;0,618553;0,104213;20170324T134013;60,00243;0,097434;WIP;(0.286,1.650,-1.198);(0.275,1.650,-1.149);(0.284,1.042,-1.274);(1.954,0.716,-0.831);(1.954,0.716,-0.831);(20.253,0.500,-20.000);0,04992708;0;0,04992708;0;0;0;0;0;27,42669;0;27,42669;0;0,01867953;0,2003451;0,01952042;0,8;False;0;Unknown;Unknown;0;1;True;NULL
6;0;02_Sc_CWIP_Passthrough;Passthrough;0,702405;0,083852;20170324T134013;60,00177;0,095126;WIP;(0.294,1.650,-1.235);(0.286,1.650,-1.198);(0.292,1.042,-1.311);(1.952,0.714,-0.827);(1.954,0.716,-0.831);(20.253,0.500,-20.000);0,03867304;0;0,03867304;0;0,004472078;0;0,004472078;0;27,3948;0;27,3948;0;0,07259787;0,2003451;0,01905802;0,8;False;0;Unknown;Unknown;0;1;True;NULL
7;0;02_Sc_CWIP_Passthrough;Passthrough;0,82044;0,118035;20170324T134014;60,00116;0,099569;WIP;(0.305,1.650,-1.282);(0.294,1.650,-1.235);(0.296,1.037,-1.351);(1.952,0.714,-0.827);(1.952,0.714,-0.827);(20.253,0.500,-20.000);0,04825475;0;0,04825475;0;0;0;0;0;27,35434;0;27,35434;0;0,03867085;0,2003451;0,01994816;0,8;False;0;Unknown;Unknown;0;1;True;NULL
8;0;02_Sc_CWIP_Passthrough;Passthrough;0,849766;0,029326;20170324T134014;60,00105;0,03159;WIP;(0.307,1.650,-1.288);(0.305,1.650,-1.282);(0.298,1.037,-1.357);(1.951,0.714,-0.822);(1.952,0.714,-0.827);(20.253,0.500,-20.000);0,006328782;0;0,006328782;0;0,005099024;0;0,005099024;0;27,34904;0;27,34904;0;0,05970366;0,2003451;0,0063289;0,8;False;0;Unknown;Unknown;0;1;True;NULL
10;0;02_Sc_CWIP_Passthrough;Passthrough;1,016799;0,113653;20170324T134014;60,00045;0,101521;WIP;(0.334,1.650,-1.375);(0.314,1.650,-1.314);(0.316,1.020,-1.416);(1.949,0.697,-0.829);(1.949,0.696,-0.831);(20.253,0.500,-20.000);0,06402945;0;0,06402945;0;0,001999974;0;0,001999974;0;27,27026;0;27,27026;0;0,08668341;0,2059166;0,02090486;0,8;False;0;Unknown;Unknown;0;1;True;NULL
11;0;02_Sc_CWIP_Passthrough;Passthrough;1,037856;0,021057;20170324T134014;60,0004;0,028989;WIP;(0.335,1.650,-1.381);(0.334,1.650,-1.375);(0.317,1.026,-1.417);(1.949,0.700,-0.826);(1.949,0.697,-0.829);(20.253,0.500,-20.000);0,005969415;0;0,005969415;0;0,003000021;0;0,003000021;0;27,26506;0;27,26506;0;0,07995179;0,2059166;0,005969317;0,8;False;0;Unknown;Unknown;0;1;True;NULL
13;0;02_Sc_CWIP_Passthrough;Passthrough;1,238483;0,032525;20170324T134014;60,00017;0,020388;WIP;(0.378,1.650,-1.515);(0.376,1.650,-1.511);(0.358,1.044,-1.549);(1.952,0.717,-0.825);(1.950,0.708,-0.823);(20.253,0.500,-20.000);0,004198223;0;0,004198223;0;0,002828391;0;0,002828391;0;27,14239;0;27,14239;0;0,05897486;0,1609461;0,003281369;0,8;False;0;Unknown;Unknown;0;1;True;NULL
14;0;02_Sc_CWIP_Passthrough;Passthrough;1,3217;0,083217;20170324T134014;60,00013;0,080508;WIP;(0.389,1.650,-1.540);(0.378,1.650,-1.515);(0.369,1.052,-1.574);(1.954,0.722,-0.826);(1.952,0.717,-0.825);(20.253,0.500,-20.000);0,02740136;0;0,02740136;0;0,002236039;0;0,002236039;0;27,11719;0;27,11719;0;0,04595912;0,1609461;0,01295745;0,8;False;0;Unknown;Unknown;0;1;True;NULL
15;0;02_Sc_CWIP_Passthrough;Passthrough;1,435737;0,114037;20170324T134014;60,00006;0,113982;WIP;(0.419,1.650,-1.602);(0.389,1.650,-1.540);(0.398,1.056,-1.637);(1.958,0.732,-0.828);(1.954,0.722,-0.826);(20.253,0.500,-20.000);0,0685287;0;0,0685287;0;0,004472105;0;0,004472105;0;27,05332;0;27,05332;0;0,05995782;0,1609461;0,01834496;0,8;False;0;Unknown;Unknown;0;1;True;NULL
16;0;02_Sc_CWIP_Passthrough;Passthrough;1,519361;0,083624;20170324T134014;60,00003;0,091752;WIP;(0.380,1.650,-1.630);(0.419,1.650,-1.602);(0.359,1.064,-1.667);(1.958,0.732,-0.828);(1.958,0.732,-0.828);(20.253,0.500,-20.000);0,04831661;0;0,04831661;0;0;0;0;0;27,06277;0;27,06277;0;0,03193785;0,1609461;0,01476713;0,8;False;0;Unknown;Unknown;0;1;True;NULL
17;0;02_Sc_CWIP_Passthrough;Passthrough;1,540303;0,020942;20170324T134014;60,00002;0,016108;WIP;(0.378,1.650,-1.632);(0.380,1.650,-1.630);(0.357,1.064,-1.669);(1.961,0.740,-0.831);(1.958,0.732,-0.828);(20.253,0.500,-20.000);0,002591613;0;0,002591613;0;0,004242628;0;0,004242628;0;27,06327;0;27,06327;0;0,06334967;0,1609461;0,00259252;0,8;False;0;Unknown;Unknown;0;1;True;NULL
18;0;02_Sc_CWIP_Passthrough;Passthrough;1,636691;0,096388;20170324T134014;60,00002;0,084596;WIP;(0.358,1.650,-1.647);(0.378,1.650,-1.632);(0.338,1.071,-1.687);(1.952,0.693,-0.853);(1.961,0.740,-0.831);(20.253,0.500,-20.000);0,02500177;0;0,02500177;0;0,02376972;0;0,02376972;0;27,06692;0;27,06692;0;0,226194;0,1609461;0,01361539;0,8;False;0;Unknown;Unknown;0;1;True;NULL
19;0;02_Sc_CWIP_Passthrough;Passthrough;1,74409;0,107399;20170324T134015;60,00002;0,108683;Estacionario;(0.331,1.650,-1.680);(0.358,1.650,-1.647);(0.315,1.016,-1.701);(1.952,0.693,-0.853);(1.952,0.693,-0.853);(20.253,0.500,-20.000);0,04232812;0;0;0,04232812;0;0;0;0;27,0649;0;0;27,0649;0,1204872;0,1609461;0,0174921;0,8;False;0;Unknown;Unknown;0;1;True;NULL
20;0;02_Sc_CWIP_Passthrough;Passthrough;1,824263;0,080173;20170324T134015;60,00002;0,108683;Estacionario;(0.331,1.650,-1.680);(0.331,1.650,-1.680);(0.315,1.016,-1.701);(1.953,0.702,-0.848);(1.952,0.693,-0.853);(20.253,0.500,-20.000);0;0;0;0;0,005099;0;0;0,005099;27,0649;0;0;27,0649;0,1269614;0,1609461;0,0174921;0,8;False;0;Unknown;Unknown;0;1;True;NULL
21;0;02_Sc_CWIP_Passthrough;Passthrough;1,857749;0,033486;20170324T134015;60,00002;0,108683;WIP;(0.332,1.650,-1.675);(0.331,1.650,-1.680);(0.315,1.023,-1.701);(1.953,0.706,-0.842);(1.953,0.702,-0.848);(20.253,0.500,-20.000);0,005098907;0;0,005098907;0;0,005999982;0;0,005999982;0;27,06755;0;27,06755;0;0,1061037;0,2221184;0,0241405;0,8;False;0;Unknown;Unknown;0;1;True;NULL
22;0;02_Sc_CWIP_Passthrough;Passthrough;1,941349;0,0836;20170324T134015;60,00002;0,094487;WIP;(0.284,1.650,-1.712);(0.332,1.650,-1.675);(0.266,1.027,-1.744);(1.953,0.709,-0.838);(1.953,0.706,-0.842);(20.253,0.500,-20.000);0,06026255;0;0,06026255;0;0,004000008;0;0,004000008;0;27,07784;0;27,07784;0;0,1005252;0,1395929;0,01318971;0,8;False;0;Unknown;Unknown;0;1;True;NULL
23;0;02_Sc_CWIP_Passthrough;Passthrough;2,025217;0,083868;20170324T134015;60,00002;0,082541;WIP;(0.301,1.650,-1.742);(0.284,1.650,-1.712);(0.283,1.031,-1.778);(1.952,0.714,-0.833);(1.953,0.709,-0.838);(20.253,0.500,-20.000);0,03490533;0;0,03490533;0;0,005099;0;0,005099;0;27,04488;0;27,04488;0;0,112023;0,1395929;0,01152214;0,8;False;0;Unknown;Unknown;0;1;True;NULL
25;0;02_Sc_CWIP_Passthrough;Passthrough;2,139668;0,100503;20170324T134015;60,00002;0,083542;Estacionario;(0.313,1.650,-1.766);(0.302,1.650,-1.745);(0.297,1.041,-1.811);(1.952,0.721,-0.824);(1.952,0.718,-0.827);(20.253,0.500,-20.000);0,02406669;0;0;0,02406669;0,003000021;0;0;0,003000021;27,02014;0;0;27,02014;0,1115795;0,1395929;0,01166187;0,8;False;0;Unknown;Unknown;0;1;True;NULL
26;0;02_Sc_CWIP_Passthrough;Passthrough;2,246142;0,106474;20170324T134015;60,00002;0,083542;Estacionario;(0.313,1.650,-1.763);(0.313,1.650,-1.766);(0.297,1.043,-1.810);(1.951,0.726,-0.816);(1.952,0.721,-0.824);(20.253,0.500,-20.000);0,003000021;0;0;0,003000021;0,00806228;0;0;0,00806228;27,02217;0;0;27,02217;0,147276;0,1395929;0,01166187;0,8;False;0;Unknown;Unknown;0;1;True;NULL
END;END;END;END;END;END;END;END;END;END;END;END;END;END;END;END;END;END;END;END;END;END;END;END;END;END;END;END;END;END;END;END;END;END;END;END;END;END;END;END
